Gold,Dollar_index,Crude_oil,Silver,Platinum,Palladium,Geo_Political_Risk_Index,Econ_Policy_Uncertainty,Gold_trend_label
1127.04,74.935,77.28,18.495,1460.15,363.55,82.1,111.379,0
1134.72,78.22,79.36,16.822,1475.1,407.25,92.95,129.59,1
1117.96,79.65,72.89,16.183,1502.0,416.5,91.58,156.729,0
1095.41,80.44,79.66,16.5,1544.95,432.4,80.73,151.771,0
1113.34,81.291,83.76,17.512,1649.85,478.15,74.12,110.028,1
1148.69,81.991,86.15,18.611,1743.3,554.75,88.76,87.816,1
1205.43,86.67,73.97,18.411,1564.8,461.85,88.96,118.885,1
1232.92,86.281,75.63,18.671,1535.6,444.4,96.45,127.633,1
1192.97,81.655,78.95,17.987,1575.55,500.0,79.38,176.804,0
1215.81,83.254,71.92,19.398,1524.95,500.4,80.99,161.47,1
1270.98,78.938,79.97,21.798,1660.65,571.25,71.17,213.925,1
1342.02,77.457,81.43,24.56,1713.95,651.3,65.99,229.316,1
1369.89,81.271,84.11,28.185,1659.7,700.95,94.71,169.896,1
1390.55,79.288,91.38,30.91,1774.8,803.3,97.2,157.47,1
1356.4,77.865,92.19,28.174,1796.15,819.0,79.42,139.747,0
1372.73,76.921,96.97,33.804,1811.85,797.65,90.01,118.36,1
1424.01,76.072,106.72,37.872,1775.45,767.9,136.89,140.795,1
1473.81,73.107,113.93,48.584,1875.05,791.95,91.02,116.032,1
1510.44,74.696,102.7,38.303,1827.25,778.95,105.34,93.218,1
1528.66,74.635,95.42,34.812,1723.55,759.4,84.39,126.059,1
1572.81,74.036,95.7,40.092,1785.15,826.7,78.92,200.151,1
1755.81,74.173,88.81,41.699,1849.75,788.1,86.95,253.919,1
1771.85,79.075,79.2,30.041,1527.6,614.05,83.35,221.507,1
1665.21,76.306,93.19,34.337,1600.95,651.05,76.34,133.753,0
1738.98,78.491,100.36,32.731,1564.4,610.0,83.16,133.723,1
1652.31,80.522,98.83,27.875,1403.25,655.6,85.34,186.004,0
1656.12,79.417,98.48,33.233,1593.75,685.2,79.63,156.167,1
1742.62,78.794,107.07,34.583,1678.35,706.65,92.45,112.695,1
1673.77,79.138,103.02,32.469,1643.15,653.15,88.76,90.249,0
1650.07,78.848,104.87,30.959,1573.8,683.5,96.02,94.954,0
1585.5,83.129,86.53,27.741,1406.75,612.1,78.17,120.234,0
1596.7,81.753,84.96,27.58,1449.35,583.05,77.82,169.626,1
1593.91,82.71,88.06,27.895,1410.5,589.75,82.81,171.593,0
1626.03,81.216,96.47,31.37,1540.15,627.95,74.88,149.646,1
1744.45,80.025,92.19,34.517,1656.45,639.65,69.28,146.604,1
1747.01,79.987,86.24,32.288,1570.3,606.7,81.66,161.698,1
1721.14,80.163,88.91,33.204,1603.8,686.25,81.39,208.19,0
1688.53,79.871,91.82,30.173,1543.0,702.65,74.83,211.771,0
1670.95,79.226,97.49,31.335,1677.1,745.3,90.66,204.003,0
1627.59,82.003,92.05,28.395,1585.25,732.6,81.59,145.21,0
1592.86,83.175,97.23,28.292,1575.35,767.1,75.9,137.829,0
1485.08,81.807,93.46,24.144,1506.6,696.7,95.11,89.168,0
1413.5,83.401,91.97,22.228,1456.75,751.05,83.72,78.376,0
1342.36,83.376,96.56,19.451,1347.0,659.2,82.97,81.67,0
1286.72,81.539,105.03,19.617,1442.95,725.45,73.98,93.223,0
1347.1,82.142,107.65,23.463,1523.45,722.1,90.96,92.877,1
1348.8,80.323,102.33,21.656,1405.05,726.15,100.46,116.717,1
1316.18,80.263,96.38,21.832,1452.0,737.6,72.95,176.281,0
1275.82,80.657,92.72,19.981,1362.8,718.0,77.78,83.816,0
1225.4,80.189,98.42,19.339,1371.0,717.4,70.37,90.939,0
1244.8,81.403,97.49,19.105,1377.9,705.15,77.92,95.627,1
1300.98,79.72,102.59,21.204,1445.9,743.85,69.0,83.491,1
1336.08,80.254,101.58,19.734,1417.45,777.5,119.84,72.931,1
1299.0,79.532,99.74,19.119,1426.95,812.65,93.22,63.76,0
1287.53,80.404,102.71,18.653,1453.55,835.65,83.43,68.403,0
1279.1,79.811,105.37,21.007,1486.9,843.55,98.77,68.896,0
1310.97,81.523,98.17,20.373,1464.9,874.65,138.75,72.394,1
1295.99,82.783,95.96,19.398,1424.6,908.65,136.45,53.538,0
1238.82,86.047,91.16,17.006,1293.3,774.95,131.56,57.968,0
1222.49,87.016,80.54,16.077,1237.05,791.45,83.66,66.285,0
1176.3,88.413,66.15,15.489,1189.85,812.4,84.38,58.178,0
1202.29,90.647,53.27,15.565,1209.15,798.4,86.53,66.242,1
1251.85,94.998,48.24,17.192,1240.9,772.7,111.99,80.65,1
1227.19,95.321,49.76,16.513,1188.7,818.45,111.92,68.657,0
1178.63,98.661,47.6,16.581,1139.55,735.0,104.24,62.275,0
1197.91,94.714,59.63,16.124,1142.35,776.5,102.19,66.03,1
1199.05,96.986,60.3,16.684,1111.55,776.75,76.26,62.86,1
1181.5,95.661,59.47,15.551,1079.35,671.65,85.91,67.026,0
1130.04,97.439,47.12,14.746,984.15,611.15,106.81,74.312,0
1117.47,95.854,49.2,14.577,1007.35,602.25,82.48,76.011,0
1124.53,96.48,45.09,14.513,907.75,650.95,98.77,87.062,1
1159.25,97.019,46.59,15.566,987.35,678.0,91.93,65.752,1
1085.7,100.21,41.65,14.05,832.2,543.9,150.72,55.511,0
1068.25,98.745,37.04,13.775,892.5,562.25,148.24,71.081,0
1097.37,99.652,33.62,14.229,873.05,499.0,118.21,80.381,1
1199.91,98.219,33.75,14.896,934.05,495.65,103.75,78.931,1
1246.34,94.578,38.34,15.46,976.3,564.0,109.72,63.63,1
1242.26,93.054,45.92,17.789,1080.0,631.4,85.22,52.436,0
1259.4,95.878,49.1,15.972,981.1,549.85,88.33,55.182,1
1276.4,96.203,48.33,18.582,1028.85,599.35,90.17,133.648,1
1337.33,95.491,41.6,20.312,1152.9,711.65,114.61,94.67,1
1341.09,96.012,44.7,18.622,1055.95,671.3,98.74,71.413,1
1326.03,95.385,48.24,19.139,1032.8,722.95,104.55,50.289,0
1266.57,98.422,46.86,17.762,981.7,619.9,85.75,69.446,0
1235.98,101.539,49.44,16.406,910.65,772.65,82.92,125.672,0
1151.4,102.286,53.72,15.936,905.65,683.95,102.18,123.927,0
1192.62,99.481,52.81,17.512,999.25,755.4,105.2,144.135,1
1234.36,101.129,54.01,18.42,1022.3,771.7,114.21,119.428,1
1231.09,100.218,50.6,18.235,953.4,798.5,96.64,112.853,0
1265.63,98.898,49.33,17.191,950.5,826.45,119.46,101.356,1
1245.0,96.854,48.32,17.368,949.95,815.95,102.58,92.189,0
1260.26,95.421,46.04,16.568,927.7,836.65,126.79,95.06,1
1236.22,92.718,50.17,16.75,941.65,885.4,102.81,100.409,0
1282.32,92.628,47.23,17.48,1001.25,931.95,138.53,73.288,1
1314.98,92.883,51.67,16.607,915.3,925.2,115.53,84.188,1
1279.51,94.429,54.38,16.645,921.1,978.65,91.46,70.211,0
1282.28,93.002,57.4,16.382,943.8,1005.72,92.6,91.195,1
1261.26,91.826,60.42,17.06,934.6,1045.85,82.72,90.573,0
1331.67,88.954,64.73,17.204,1005.5,1012.8,92.43,114.8,1
1331.52,90.551,61.64,16.324,984.8,1031.95,64.49,84.039,0
1324.66,89.812,64.94,16.223,936.6,938.65,111.96,76.376,0
1334.74,91.63,68.57,16.312,906.4,955.8,123.26,88.596,1
1303.03,93.959,67.04,16.402,909.8,981.7,125.67,87.867,0
1281.57,94.349,74.15,16.104,856.9,950.9,103.97,103.789,0
1238.52,94.275,68.76,15.5,839.4,931.9,110.03,99.527,0
1201.25,95.083,69.8,14.438,787.8,980.3,112.74,85.715,0
1198.47,94.737,73.25,14.623,818.3,1064.3,75.05,67.363,0
1215.39,96.901,65.31,14.229,841.5,1066.0,92.02,90.251,1
1220.95,97.196,50.93,14.094,801.0,1147.2,80.41,79.472,1
1247.92,95.735,45.41,15.433,801.4,1197.5,90.61,127.533,1
1291.75,95.304,53.79,16.022,823.0,1310.65,87.42,146.587,1
1320.06,96.043,57.22,15.538,874.1,1499.1,96.8,82.65,1
1300.9,96.845,60.14,15.295,856.3,1352.4,82.33,94.656,0
1286.44,97.201,63.91,15.756,891.4,1373.45,79.25,78.739,0
1283.95,97.666,53.5,15.259,792.8,1324.15,106.47,94.452,0
1359.04,95.666,58.47,15.942,834.4,1531.55,106.59,137.371,1
1412.98,98.258,58.58,17.053,868.6,1519.35,93.52,94.796,1
1498.8,98.86,55.1,18.877,936.6,1530.0,103.4,155.233,1
1511.31,99.021,54.07,17.583,892.15,1647.55,90.37,118.307,1
1494.8,97.154,54.18,18.699,936.3,1771.25,97.84,98.003,0
1470.02,98.202,55.17,17.626,898.1,1813.15,73.08,81.042,0
1476.04,96.058,61.06,18.404,971.9,1912.1,74.28,121.307,1
1560.67,97.213,51.56,18.472,962.65,2217.35,138.42,110.075,1
1597.1,98.081,44.76,16.811,866.35,2500.0,75.96,113.26,1
1591.93,99.092,20.48,14.331,718.65,2237.2,81.54,380.39,0
1682.93,99.028,18.84,15.268,805.5,1951.2,69.34,555.325,1
1716.38,98.341,35.49,18.785,877.0,1963.7,68.51,484.182,1
1732.22,97.349,39.27,19.038,852.65,1948.9,71.23,313.916,1
1843.31,93.321,40.27,24.899,919.7,2133.0,66.47,359.453,1
1968.56,92.131,42.61,28.859,937.05,2273.9,65.47,298.587,1
1922.21,93.927,40.22,23.724,903.25,2325.95,80.38,247.737,0
1900.27,94.042,35.79,23.9,847.1,2215.7,76.08,271.429,0
1863.49,91.858,45.34,22.661,972.2,2374.6,70.07,264.686,0
1855.96,89.894,48.52,26.473,1079.5,2455.5,64.07,238.674,0
1866.98,90.569,52.2,26.953,1098.1,2211.0,78.42,216.062,1
1808.17,90.882,61.5,26.44,1205.25,2329.5,74.4,154.396,0
1718.23,93.236,59.16,24.532,1191.1,2617.0,79.97,176.702,0
1761.68,91.27,63.58,25.915,1203.1,2935.0,90.65,122.481,1
1853.22,89.993,66.32,28.014,1193.0,2844.0,94.12,129.445,1
1834.57,92.431,73.47,26.194,1066.0,2780.5,75.67,113.146,0
1807.09,92.188,73.95,25.547,1045.5,2664.0,60.68,130.01,0
1783.97,92.635,68.5,24.006,1012.1,2466.5,90.69,124.144,0
1777.25,94.24,75.03,22.047,960.5,1897.0,81.76,120.23,0
1776.85,94.121,83.57,23.949,1021.5,1988.5,81.12,109.648,0
1820.23,96.007,66.18,22.765,932.75,1735.5,89.08,135.153,1
1786.65,95.593,75.21,22.848,965.8,1903.0,108.61,137.127,0
1816.77,96.537,88.15,22.432,1022.25,2335.52,140.32,145.67,1
1856.3,96.694,95.72,24.366,1045.2,2487.52,221.89,128.245,1
1947.83,98.36,100.28,25.133,984.25,2274.52,286.22,186.201,1
